quota_NCDNT	quota_tombstoned	quota_total	quota_SID
2007	31	58	010100000000000512000000
2007	0	21	01020000000000052000000020020000
2007	3	192	0105000000000005150000002bba8f868a322722606c681d00020000
2008	1	4	010100000000000512000000
2008	0	3	0105000000000005150000002bba8f868a322722606c681d00020000
2008	0	1739	0105000000000005150000002bba8f868a322722606c681d07020000
2030	0	1738	0105000000000005150000002bba8f868a322722606c681d06020000
4054	1	36	010100000000000512000000
4054	0	3	0105000000000005150000002bba8f868a322722606c681d00020000
4063	1	14	010100000000000512000000
4063	0	3	0105000000000005150000002bba8f868a322722606c681d00020000
